$ANSIBLE_VAULT;1.1;AES256
37666666356165393937366335353939316164343737313735303837303233663438333165336463
3533653731383730386166653061356264323138303035340a323966633531303034393538373865
37343338343063646661393965626464303336323265626133333934653863356139643961613866
3533326538326331380a343366336139636135306135363566323439386438346336633935383739
63303730356238393736663331663466326666633065323436366535323964343064386561646264
64383536323364623465353236663937323439646633333666656366396362616136623066303637
39313161316632373738653530316235666130343738666330653534646465633230333166656135
30363739383562346663383133316363313563623233643137626436626563663635633266633432
65383638633938626535613333363564303835636361383535306439376231383865646363653238
33393030383335313966333666643166356336303166633863356230373835343963373566303934
36623137376436376265643163626236333135303365653464316433346461393761656135336330
61636464363836313731376662353433346130643034383162396137343666363433616434323263
38366432353430633166303966613935646133396630396332626436393538353966343238326532
32373662303139313930313037353335646639326137633235356265386635316161376266393962
62323636616337386334343737653735366630343535666632636364366133376435663634323862
39663535346666383233666362663836656465633639383038366639666136393136613136373065
30643562343034613863316332363065326166616533656130623065366563366437363239383830
34363037306130666530313230353130306134333732653938303165616431376462636663346330
61316361623665373663356465663232666636633765386564376139653966666636653766313231
30393132666364356433353261623439326633306264326234373538646130363438353638643164
65363734363839336636393536396333343235663134656532383864393437333431633361343066
36633234383765346630333431356430656362653436386630623966663965356137323338663561
61616237643837616265303331353262393637356661313366636362656463653030363235323532
65363961386533333366663863393537333338353638326531663434326235396333313964646434
39633634313365323832383130663737353262653339633233383063613033303863623166626162
65613236643565323835663066376166383839313831306566303337616463306362633039333166
64303939323439633332303365346438373261303961333164336131306337343638353864366231
61396133353064346136313737313663313064313637343634656135396232303531636466616538
66393338393134353331396135363862643231633963373934616430303534343164633439386636
35653034366266336663333032646263313532316364353034356337376264386539353438353163
39313063363433346634613263613065326163306166373532386230663930666266396530613738
33666365313136623838626437333434613164663566653433643765393366393833656532636139
63396362383363393439366331643536663335623631336538646232383762623131306536633231
64313936636165633736346137306262343631613430376538306439316435303365626538626433
30333439363065383032626661326636306333376461663430346439396666626238353530393264
31386635366365643534326338386464343830393833353933346264333634373966623264336534
32663930306432633331383531306433343365626335633033316639666464336565343837333530
62643937303564346337386163373061366233616330326230326662363961343333386465353664
63316161326131356236656531616466393537643765396433343731353065353432376535666664
37306537306336336237353135333932363064393861316563326662303730643562383062323363
36316230373963333463386437656437666134363530626663313739313239653866633634383938
62303762323564393563313032326437383839326333343933353437636338323164366330666131
65303730393431666538353666663737643965633663633661326639663036616461396130353735
39663366306336386263346165386566623536656163656161323266356533303636326365303232
65626334623530393433616534383066323536363534643837633939316632316531643737373332
32653163316230623838643765373131303035373830383566653664653434366531393033333337
30393539626166316463383264376431323238336334343737333936373961663230623138313733
62663539353931326636333165643964393133393065393133363631663637346638616537643165
61326661333566643830656465386336653361363965643131613466313430653932613437336335
32663731383663343532393334656537613263313361313432336337343830393133393237666563
34393632653666343662366538663430306433643530396163356133363138646337366337353636
35383761386236396435313838313061303566343934353239366333393265353838363836373632
38343638333737396365623463366364396161383239343365343464646233333464643039616666
63363466313163363032396336363834646166633761623965643935383232633266333030313632
32313836626638656162643238336634643463316339346335393830386137373465613939303461
65613037363166626434323534383639343930316464303734613238636361656661396536386463
35303062376434336666363136663335373966613531633531616236383662636665353465383562
39303131363162303533623138356236383132306264356161393639383638656133383330366365
30323362323865643737666631333935333531383539356163643837306161336532376465646264
33646165343734313232623435313336636131303964343934393430353566396130346230306165
33643461373732646236653530356138633663656533656366616465353133363061663465333935
32363837333966643262303238356535643835643836326137336165316435326431333435323237
37666261336264653363386238366362623837626534633465323164356337356566356631663031
66656632646338356162343537653564363566316635393664333039376163643531363763373637
36643930393065376638613630626330653261373039376632386238336232653034366533643637
66373835643561306530623034343062666164383335633738316466383836313636646335383761
37623862393930383765643138353335656638326238356666366339363936323734306533393532
32373865663835306639303062363366613465333665616337363734383066656266356630373930
39323662333333336334646130346534343961336334643630303638326632306165646430326535
39356561623534393966656534343336333339366238653735373633616338613936666462656538
64626437616361666566393930363064623838663234336165633832343065613066643834356562
34366635343961386134316231353333643232383433346637376439656463396161333937363538
31306363383333656234373464383330653530373462656461643930386534623661633938396137
33303961323361303333666431633035666163643530356165313136666364613364316337323439
64356561393437623362343061343433323332343735343035373636346134316534636539643966
38653733646264356530356137393161613466303233633936333636373433613834363539363830
65306233376137326233623338643935626261346133373835343436393935313963333063376534
37636131666535373831303639656331386466616633363665613739633931353835303137396436
36613963313030636461343435323333373038363931633361346334373135656433396263396431
36663438303164356138363536343965316265623731643335373239623536346130333663623635
31333430636165343334363933316462636536353533333762613136383732386164666531626661
65303231363936353733386139303661636164353036343064303538393933633031356262626238
36633466366437663036653937333937663439376166383863303432383932306134646663623366
37636238366364663830646261356431626235656330653831363336643735393934623139343965
65343563643332303633343133633035643635353335316464653461653164396536666164313762
37386463636637386364336236656639626436363030383366363635623366633039303238303665
34376264353261323937623061313630626536323532613635653861383331656362373263666634
33323933353364656663636134373536326439323635316237383434646164303831626437613736
66383737313738643437633833633364336364626132373338623861663764636632393765633831
35386562636263323934303964323333323666646136353730363636303735303164633566363130
32393537633362643439326536633231396161383363663832356266373033656563663538623265
63363939636130333838353637633230633235633365653262303361636665326638333230326262
36643562326236323365383835633066306363393666353537623737313035633437396664376534
35653638623931616135656161383330623939373864633931396438653032643633323038346138
36373065626635386233643734666137663331613662363138303465373966393838393565663234
36643335323830623832626263636335633339336532366366353332653162346333363136326631
35366238626632373862396561656333306131633066613839306335646263326638633732366361
36316366353961663861393133333431663131653862343161393934363534613236636233643934
30316231393331336633653862373533656665373337386639386130616435646238353364383764
61663038653433313266346638666431336336363266383764396139363433616364623735656438
34326434363534363766663837326436303931633533633966376434396137623937396333613030
64646132626330666562323863336232386239383064626138663761613432666536323532336635
61643039313865623737336162653337636465336161653133343033643232303466346462623661
33343965616533393061646266613631346464393633343738303163653633383135303363363032
63653630343830613731383430313639303333653538663662626230636538316637366330326137
34306339343165653030356435343330396333626661313338353733613330613137356565363065
65633264656435303439633663366330333033626335333230393063383662616330653735643536
38393331636139626535663565616637383039386566613236356437646434363434366638316364
30303264633138653832353964373631663764373434323130366361373764333334646638396338
31666437323865636564376334323965323762376335356337616563396532656633386539316331
62323836323136333865316231623663633732653935666535613930343965393462323237346565
63373430303437336166653032663834383232396362613739663066393663313962656162316136
30633465353735343936353439383862313830613135333230323663336638373935313735393162
63373332356138323439336434353439653262363835666237356134316132623339336366636433
63393639396165363337376139643030663839636665316265666566643130633536623161323131
31306432663562663235396335316632666137343332393432343463316132393838653433373839
32323762376562643032636337643966653961373563343439663035663338663064343736373537
61623939633930663432383061643037353433613236396563373531653464306463333964313763
33616534663961643136376464366263333730363534333333646137393961656138373237313130
64656230383966626437633435313762323430333964623530393832333938366662323065343236
65386662633832363538653964363162363565633034313536383335323133393564373332646662
34633634343430363365396635313666663734623539333865326233373430363036316165653436
64356137643462623064623636383231386331343233663566323866643036333966346237643439
37376235396238353533653166356564323735323839373762646439636539323966316130633335
31393931363035613632373935633463386332326337343030623364323165323534613062626166
36643836626536616338386237646239303433353563636336333138636638356663616263333238
38343063653532613839316363306432303731373363623130626134323737336430646164326435
32643361613465333365376537393638373831326335376363373031666436636633363766396139
30303634643066623134646161306136363565633562333736353464303961663962646131333134
66363338323333643139393232333661396334633235636630353462373734336538386363636563
62303732373566373937626332393666633032363661363230623233626563306334636263633636
37623666646239636638323363343238663464626637326163656432353832323931646336396365
63393034356536376139623565633064656436323230343938366262333961653431636131373461
36643439633639383762363165316439346231396162633163343165366463316631633333663437
616266313535666666353264383966323766
