$ANSIBLE_VAULT;1.1;AES256
39386665356537646330383733323637316635386262333333343663663232303234646561626663
6637616165626565393364663836333261616331653766300a353761343230646262336364396232
38323566336632643061386335393333326238663138396630373138643839356265663261616432
3765396333616238330a656463613139303663626335343736333033323363306132326463386336
38306537303938393231333337393930616264653431656332623864666637343934303235313036
34373663393332326539626334316162323061333661343737326664353265643439313239363932
66633136363261323862313063353465326163636231616463646236656161336530653434373632
63666364653334643362313230616130313263386630343435333439333938643339373535623531
63666462636136356134623237653337323639326664386138336335323935343632633161346463
65306432333531333035306462633033363466653431643465646235633234633435663465346331
63316635363533316462623537306135623163383334363838383632616631663563376565333630
61326461363838646330383437396264613837333339336164376439373864353265373961643037
34646238616239313264386363333165326635313630336165356338333631336537353365333962
61343536323263653166656530636133643266343535616637616263643030613133633136323666
31616134383438376162383032623432633238653338326238623764653037636662373933643839
63656633353231343237383337386634333435393366643931373662633061363862323131313638
64616261326133303866623563653866636562356362376164623135623437313365376436343261
65383962363630333932366131343633343738316632663833626662393437306535393063353665
35313130633732323464616364363232303134323363336631393363643734353737656561333363
35323638643862363730656664613364336161656233373636386439393033316634636538363837
35656131633863303366653363393737633532646462343239373065663534303265666136333364
62626338636463353266303461306461356531366362383461326637346365353234633935613163
33633066346238396232666662323733353038363138333239363635653636336166663034336539
34363339626135343333363262666162333135343131613634306536663431343632316335616336
34666261663133366463613335306539613937616665653739303863393134306162396564663634
32363639613438613639393264373261313163663462613837366530633334333536353064663038
37313334313730323130316365346139313465326465366634326337643434333362633831343665
62303335613234663563353962333864343262616238623232303465353863386136383931666166
32393063343434633962316462663031396165393934623263623265326239393439383262373830
62383936326538646231336561633139636336646465643432666362633533663139333962333661
63656232333365393833653832336265336431643162326136366130303333393063366338326661
64343032633835616231313830623138653331636364663065613430313832356630393434353861
62393063343935326461333431646532353730633736356431386535343135343135626538373464
38386365303263343738626365633338326131303134626163623165613530343835353233646333
36633238353034613661313862636133356130353063346539353436383232633035623765663333
61353564353536366533636535393432353162626335333132316137376439653537313335623461
35626465303134616135643265336136666337356433313837393236653766393730356564666165
30376630346635326564376166613936346662643236343731616631333632333265386161663062
66343530313230623961303834313835656163373338376266363064376265383437393963366464
63303161316136656631663965616263343338316465303864656261626537393737353830306339
30623835386535663431376462383166636232386332343463396266636263653832323062646239
65663532333135653438333961616362616138346464373763636437646561333036373037663936
32663134353761666633346230626632323665376638323561383531656134326638393261396437
35346338656564613065366639623330313530353831373364346534313566313232386137373165
64393666626538626530633065633263636565663066666564323439623162343163646334313861
61333863633432623161643035343563643232613835396565323437306239376361373733643166
66336435323762626537333430316665356630353038646238343865303638623331653766633766
38636461616234656265306530376138643461613037623836643938383661323737373138313635
35376335373338636235633134666434373835333636396238646537376364633135333365346166
61353566383861306239633035343535313865626432333961653530663539343036313762336331
31343733366435393536383032333763343937376264353135626332306538663733366238623131
65626139353630393533666234643239316133363264316637363764316333643361356538643238
35386163363734333237626632373436396139383531303136653264333132346137303364623462
34323932316566386332363262316266636634316466653361393734303838363566393330343831
38386236616161393762316564643066376537303932333336356135623562366330336432393530
37313337353465376634363363323062333630396363376637373462343261343935306663373361
39363764326631343930313237313135636236353665633237396634336162643261383064636331
33613264663336656238343737393761623361663663393564623762383037306530363734636332
31643239333565333333323231613931393031366230343534663834386462666435623763653562
32333363373563306330393466623263656330633630353363363434393932633263646638636133
63316337336364323563323638333633373965643839383636356437646231393534396361666636
62326232613561393031303363343339396633386661666132633839633964616336373437663065
35303131376534303338643935383132666637663835313537333965306365653439653135646333
34623939643266356432663632313432343531323766326361323338626234653534356237386561
66393339343262366466653134333033663561663532393235343062613631393663303865363633
66323239306339656531343031316162396538343662313837343864363035326638353766353635
31303766646261373331303861313266313066353766383135323436653561346164386662623865
66313933616337623432393235356338373339653135363735363334623532623432393139613336
38623766363533343666326463356135623437303766616138656161373666303461666661346235
63666437383837343062653633613764353639323761363332363430613164396435653439326664
34336134663537633837666662616464313735363165623761383033653037373663376130666664
35383239316232653366363236613031363630333134636662356362396230646238323265373934
31356134613830313439656237326463656539326636653037613863353964653338306566343234
62333131303339633034333931656135383132356235323737633932373565366632613139653334
65383763613734663364643539363332313936333634363162333331353734623361663932646462
31616335313666333931623866363933626364356334643739373033613665643966373565336164
36343732613537306430623764376130356637373230613931303036663963373339623764653835
62346364303639373436363332666265633237356435393434306434363537646432356335643761
31343131313864303464353765653162656430313535376630396332636435343465643733643662
36363565666463333065303061613935653562336332396164396162616331313761363565666565
66356566633530646235333838333137333034646138343732383534373733313631333637316534
61383864373037366635366634636537386236386562373564333232323433376235636464336339
65363233376462333931363632346338356566636164393239343836666138643161386664663466
34336637616564333462613738353561323530383537383535323261633266336265663962613638
39306164613363366563373837383438386361623363393461643437663332326661633535376565
66316465366531366338313736653932663566636234633533613863633162623765653032363662
37396366303731646231623964623266656136666564646439316436613839393565656637356635
65343435393064633062663936653264316132626338353639373761623032356237336664373337
35646231346330383836373465633862376164633230343534643035343861306434333064353935
39656130363362626532316365663637373462343938613965383164383765633265633035383361
63393866616265323866333035633033626466663534626265373964373039663962313736333631
35636133336635346634356631376661613137353833376365393637323830623533363730316265
30383765353638326535616632343034663635303737613062663937663262656566326134353335
65313766303765326633376362633233366235346566616533386133646565393963363438333731
34356164633233313537366261616561376564386638356162326231353537646665633432376533
64313864303535323135636236333464616161616331366262653433373838363036336133303239
38323730303764613632626235316332643264653331366538663432623736633930616433303339
35303130366566643961303763326232656466643934336330333466396664383037373262613936
64353666363438383836313931626236356237663662633634616661336466623230626662653062
31376232303832653865656538636337333335383732636465646638376464363264303634613563
64396538363530393533356430386634643734663732636665363539333339323966313837343864
37326462393939656239313532663966393334656434306530623466613934303134663863656135
66306666623766356364333234303939623839356533386463363034346134613863313439376364
34366263303733336265323866383464373934353838616331336333363537383166393535353737
32373064363064326236306535303838366433616539366533373330303836653832656564656363
30636531646136666262653137616131366362333564633537626135333838643135613861396564
36393063323763616537623037303233643035643261383262303530306363666634643131396138
39643035323033643835666463653439393465313562613638646538323361653161313162656164
66373562346664386638346437303231623432623261653837646239636365373739326630323131
66323461633131396162396265366138653433396638616361663830326139336362363036366533
36353534653566376437343139346233393733373935623161336339373336616566363437363636
38366564633432646331623634656136613037356339383162306331393434626337663662666165
37633666333838366430656664333365646533373433393736666532626664623333346235653036
39343539353037396533646565303336303432313130373836326261636536303763336239356434
36633964363331636238396538656537343137366433656235623662353365316363633461336361
35363530316661623430393330363439393330616139623765646263366633343562386232346663
35613336353632666564373132343635383232303532383930656134336630323435396235313364
34626431363935623939376636613334636562333561363036313839613733636635346234616436
36633264383434633232656132316330333566303663383962653233343432613666356665323830
33336135646435323137653661376336616534623866353437666132613333393765393133633263
66356634376435623737373662646137656136613136316333313337613836633061636235343665
37653934326366373037633936343034396435663466356663613331373132666464343362353834
65633133636366616331646639633134623132383630366636633931643733383461356631643737
66303166343763306130356165303335383535313864356638663739353837626637376564643233
33653163646133346163336262646132613066666337353939633533386333313363663335373765
66303639633362653936633136626535346336366636316465303436636330316461356138396130
30303437623066306561323833326438633562343961633136383034653439353733646139623566
35386237363238643732373562633765363130383966303136383737633662663362613063646433
37353338386462333335393538646266386466303634303333343239363565616562366663386233
31353433303332306661323339376464646461326463396434663932613564363566306561666534
38366631313435663262643065383030303134633332343963343062333138643162383537343138
34366164353961303663303136666233653561613934343064653633646239323666343463313366
36323130336232396330633538383236373231323938336130333364353531363239353537363130
38323164643964353263376133383130383032376166393636313662666663623431663035633462
32643862386566343534346434663861613364373162336632643862396165383031646131623334
66333139363461363164656263326632323665346461333536356165353063633631373163663938
65636261306662303231653939303536616566313961313532393137353938333665636338643833
61376431366131363239623138343962663531613266333035333134646238646230666666313961
61666530393838333761616561633062626333323234343963333936636338613930663939343634
39393035656431313265653332613237643634643061616364376363386561356138383437613562
64326161313630316536343063643661333433353031363630623466636136396661353938356130
61346231353631383539313932636333663763636364633265316565373938666331373637633964
30383864356232666634613632613739383530666639363638643432643335316634356436636334
36656639313033313039653732616336623266633364333139646233393936653035356637646661
64303631316633383465303231336263383762323261316539313862663838643936383565623765
35323937613163666566623932623136373131666631326362343365616534396632396231396637
34353338346639663962323437313135616664303263643962366234356231643536373135643330
33356162346632313865323836316562353663353137336138666435666638346661613537663132
61376163303131666264626235333635663833353934336235623462396634393639623532396637
34356630343237653962333034633238656363626330356530383535333361333234366435306264
38323138333430326366353366623034656431346366346332366134323838343733636161633332
65633839623933656664643462616230353763313633363663323538616463333862316434383135
32626637633736306436316535353766363738333133393439663833333737356135353637326363
62363365306264646136363933613536393934616331373336353961373361316633356262613436
66633330663464333662636131336336633462363262303663386633313736653435316666323837
35623665336164353766386564326136303037393264326130323363366538623561356464313136
65643030633437346661633430356366626230623730636534656639333030306264383563366262
35336561376432366533663336633265366636613732316464356636636639626439313730343431
36353932303139633638633966383733383565656138623661613830313566383937316138343330
61386538656235333339306339346637626132633033633262636164333062656264396664666364
66623434386665333262383431353465356637356361393762666535376637356464373661633564
30356561313132616137626464346539656232653739343963343662316238383931363834323166
34366561643061393430366637396434363533373532363762326531313966373465396130646232
64333331613835626633343966333630643861616261336338353865616230646461383661653263
63663735393539623436376666303833633838353530386563346165396562316139323264346434
32613531306133333861633065333238323532666365313464636433353039383636343732333363
62613831666266623935613661313464363665396638326637373035306362353737333031333232
32356636313630313535623064363961633066383837393130356461656165613861313465326232
64393366313962663766633835323734313065623935383830633339373664353064383062316236
61643533656136353661383966396332316364646139643531343234636363613334663261653830
34363137633766386563616566333363643930396330353735356365666666313531383638323165
62666635363330613565663266663833336438386130356661313737323532323138633336343235
39313661643865626261353636653339316431613034316363323866323339363136313135303561
6166333231386532656636336431663131663265643463646230
