$ANSIBLE_VAULT;1.1;AES256
65303534353031396335363763633234346434646234383766666339666363353963323234663030
3830353531303062616162373736303335613032353863320a313237663564613431363932616239
37303035383162383930326632333938316361376537356164613664633536663136643132643733
3138613030626235330a333335343565323238653732663864333636633131306537626232356664
62393761376331643434346262373330663133336232666534623534623561313130386464313336
61646638646461353564353863653639636533626232346436306539396536366232626633643666
36653763336665656663326536306164393665333830346163326131356236373138373237383834
61396461656265393863393039633436363261373363336565616465363961353933333735383562
35626238646633653539313765386133633961613437623763623735363535333038316631633661
61626230323430313438643334303333626633343862626166323135623033313933653565343161
37613130313439656665363962643535663661646363656531653765653465643236383063336433
39383463626631313732376135333666353434626537393862336564353366323764636266366438
30386133653739356166333336636538336235313663386564643961396634396463326234643832
34643435343662323933353238333661363666636264616435373538376638396434643932363838
65633833623830363230656238363164366164326134303263366234323762363631336337306466
62343665313830626431613764323432313864333865323465303030653732313239626538383362
32306636663564383862383735323265323332306233646464326232323735323531363236383133
66303237656562383465303431396565393830343838346533376538336136386366643265323465
63306635376337313437393632306465613831356330646431643631386633356239343461346535
62303766323663356536393734626437626331393131313731666563353464396637396335646533
63393933396365386565356230386666393635353362316163396634613031393933656631636335
66393633316333316632646231353931623365633463613162306435333934663764653233336133
37396331623033373530623364653065646132346663303434326639336433653033353664353930
36343862323162326131643839656632656137313237313039623939303932373265393362626463
35643139383832663038323039353230353832303766366163306661633332333462633034336431
3261366264376632623866326636666531386137653731353039
