$ANSIBLE_VAULT;1.1;AES256
38363134346162393431663764333161393030336462653730646531333530376434663061626164
3630396437366664356166303839643438376433393230380a623136336632353130393564623030
64386664373239363766313463623230376336356430313062396264373337386165343461626635
6661336336643963310a643938656138323638333532346530613562643065326665653231306135
66626336373035303536343834353533646361316365363738656238323462613861396438353936
63386461303230616464666663323232316330383834383836323530356665383666363832613939
62383563633937616264343636346461323566653634643866366538663137383533396532643132
37393635616133313533636365613630653933393232373263363732326335333539646433336562
35623565663666303534626634396535346263666639363033323430636238626631313865386639
63313630646638306561356563653638343462363739363066343338303966666239376436656636
623638363065333562656532613863663564
