$ANSIBLE_VAULT;1.1;AES256
64373562636561663135616139343861633363653439626561393065303936653038656139383731
3139306161646462623733643666306635333638616239380a646638373235306362316235663366
36383031386333636664333466653666346239313934306666303861313636656132356133663232
3931626533633736370a353465633731393438663337336137373030393232306634326164646362
30373635323564323863363066353937663133663166396463373130353833343537646563346539
35626135353766363435356664623930333135353466373063666634346634363234613665323231
65313538653532316266633263313936636664393965653365353661623137363931633366373033
64616338363537613638333532633664373030313234313938303936636334643261653336383339
32393062396630396338313862306365663466343732363963663863666136363934323262343636
33323036316466313838376164303063353333376266393632643537323361383061313966343835
36383335666366326463656235666139363036623435333933373562393364663964326433623666
64346634623035643364333466636530313232306639316135376437343736323038663631376137
31356130376438643061303934616632623934366664383633333635616266383032343335616463
3637363663613330623163656166383761383730353161613735
