$ANSIBLE_VAULT;1.1;AES256
34633939626230356234633432643065616631313131623266633336623566353835306336346563
3763656231653231396535376536346635376439346135350a393935326637653165336237356434
64353061366332373262316236626662346665656330623238306530386630623164643539653637
3964383537653961330a653439386535323231356565643562316131336131633137666430663630
35373164653265363362326530613464626138376266306632643237633766613937626637663036
65356639333238663936396638663234353734346563613733346265666539313266613533316662
35643764333066343664303534363838626334383465626530646465366436313865623062336330
33333764363666313338346130636630383337613762396239356635313166656138643364346665
38373430393437613062383833326237373965646165663964333266613134306634633164663838
63626432393761323738613537383239346366653163626536613362616633656637626532663139
38363561663038653337653537666539303962376331653466653561396662643262653339393739
64396630646363663732346237623236366438356632656566363939306237376637653164376665
37313666313230646166653166333636643036316332666564613636303839333866323761356639
61663030656530383465613934333661303139326362613933653233376631663137616464336462
63633131353362656334396133646238373163366238633164623262343832323463393561343934
61353637663337396166666630386135383263353630393137383630636466303636356639616232
66393763666631373065613966613363343763393531366331643338613530386165616137373931
64656439336637353339343161343533643736303435373532643239303633333132373339643031
31386664373132343663306632666235653139356530653430313666376664663433656264663334
39663032316231653530653333653337373966646233323435333833616131336137353230363939
65306431646566376562353835663031663864663832333630616366373939346633653566613633
31353331613536313035356563613636333032333034353162386365633662353233663639306262
33343363396165376330616434303538366137396531336431306463343632376466666237313066
31373261323535333663653232663866626633323639363835323364643162376233393462636636
35616634353437613530616463653661653665636561663132343532643033373236303130393165
6632393530326335383638373166386664306566313839643762
